19 18

new 0 0 0-10 28 30 46 50 65 69 83 89 102 108 115 116 117 118 119 120 128 129 130 131 132 133 134 141 144 152 154 160 163 170 174 179 182 188 194 206 214 224 233 243 251 263 270 275 276 277 282 288 292 293 297 298 302 307 310 318 321 326 327 328 338 339 340
new 251 1 1-29 47 48 66 135 136 137 138 155 156 84
new 254 145 37-49 67 68 85 86 103 104 105 121 122 123 139 140 157 158 159 175 176 177 195
new 254 255 4-87 88 106 107 124 125 142 143 161 162 178 180 196 197 198 215 216 234 252
new 170 255 35-126 127 145 146 147 164 165 181 183 199 200 201 217 218 219 235 236 237 253 254 255 271 272 273 289 290 291 308 309
new 4 189 254-148 149 150 166 167 168 184 185 186 202 203 204 220 221 222 238 239 240 256 257 258 274
new 0 1 201-151 169 187 205 223 241 242 259 260 261 278 279
new 135 44 230-262 280 281 299 300
new 250 23 145-301 319 320
end